21,42,60,81,102
"SFDM-2 (e=.15)"
"dmax": [
    22.16392301468881,
    22.16392301468881,
    22.16392301468881,
    22.16392301468881,
    22.16392301468881
],
"dmin": [
    0.004305658288972891,
    0.004305658288972891,
    0.004305658288972891,
    0.004305658288972891,
    0.004305658288972891
],
"diversity": [
    3.4695922804411516,
    2.949740681629454,
    2.5205909273050002,
    2.5205909273050002,
    2.385730901321456
],
"streamtime": [
    0.00023936868087968388,
    0.00030486447036066064,
    0.00033989899726575375,
    0.0003894165660792524,
    0.0004202696343701939
],
"posttime": [
    2.549820945598185,
    15.934797020442783,
    41.35675231441856,
    56.310996977426115,
    108.6195830596611
],
"totaltime": [
    366.1099151574075,
    478.9717956738547,
    557.6052064325661,
    647.7681706190109,
    746.9372915605084
]

"SFDM-2 (e=.75)"
"dmax": [
    22.16392301468881,
    22.16392301468881,
    22.16392301468881,
    22.16392301468881,
    22.16392301468881
],
"dmin": [
    0.004305658288972891,
    0.004305658288972891,
    0.004305658288972891,
    0.004305658288972891,
    0.004305658288972891
],
"solution_size": [
    21.0,
    42.0,
    60.0,
    81.0,
    102.0
],
"diversity": [
    1.8859250933550225,
    1.4099532906866692,
    1.4099532906866692,
    1.4099532906866692,
    1.391917530782745
],
"streamtime": [
    6.872606701397624e-05,
    6.956980600914987e-05,
    6.979417595908835e-05,
    7.038812931084954e-05,
    7.070202328526189e-05
],
"posttime": [
    0.35849078819155694,
    1.842444615997374,
    4.81460342220962,
    6.448676786199212,
    13.024255339987576
],
"totaltime": [
    104.7416344249621,
    107.50708350706846,
    110.82002189997584,
    113.3562088392675,
    120.40853866431863
]
"StreamMFD (g=.3)": {
"dmax": [
    22.16392301468881,
    22.16392301468881,
    22.16392301468881,
    22.16392301468881,
    22.16392301468881
],
"dmin": [
    0.004305658288972891,
    0.004305658288972891,
    0.004305658288972891,
    0.004305658288972891,
    0.004305658288972891
],
"solution_size": [
    21.0,
    42.0,
    60.0,
    81.0,
    102.0
],
"diversity": [
    3.04313056453962,
    2.4714682996089263,
    2.267400217642179,
    2.1845488760402345,
    1.7295074635001284
],
"streamtime": [
    3.658589427118994e-05,
    3.7009720988271016e-05,
    3.7135673587492976e-05,
    3.793306540952998e-05,
    3.8133322076615156e-05
],
"posttime": [
    0.6901703314855695,
    1.9702858056873083,
    3.550973514281213,
    5.989621588028967,
    16.57776734903455
],
"totaltime": [
    56.86170678474009,
    59.64571088124067,
    62.540070270933214,
    67.85507854484021,
    85.74161796029657
]